0.4    -1.0923901335612733e-19    0.0
0.4153846153846154    -3.2202644113418744e-05    0.0
0.4307692307692308    -7.631126558023908e-05    0.0
0.4461538461538462    -0.00014631378116679357    0.0
0.46153846153846156    -0.00026162127171766044    0.0
0.47692307692307695    -0.0004507162645735655    0.0
0.49230769230769234    -0.0007554234851374483    0.0
0.5076923076923077    -0.0012361909161313783    0.0
0.5230769230769231    -0.001978344042011821    0.0
0.5384615384615384    -0.0030994536840606916    0.0
0.5538461538461539    -0.004757529873054056    0.0
0.5692307692307692    -0.007159534727856208    0.0
0.5846153846153846    -0.010569508282365666    0.0
0.6    -0.015315053154207116    0.0
0.6153846153846154    -0.021790480698214744    0.0
0.6307692307692307    -0.030454899582341394    0.0
0.6461538461538462    -0.0418236490400455    0.0
0.6615384615384615    -0.05645148207878956    0.0
0.676923076923077    -0.07490595210651058    0.0
0.6923076923076923    -0.097729868836407    0.0
0.7076923076923076    -0.12539259895539906    0.0
0.7230769230769231    -0.1582313310308236    0.0
0.7384615384615385    -0.19638503429466433    0.0
0.7538461538461538    -0.23972541778207185    0.0
0.7692307692307692    -0.28779037585351924    0.0
0.7846153846153846    -0.3397260930309003    0.0
0.8    -0.39424456077890563    0.0
0.8153846153846154    -0.44960413631787227    0.0
0.8307692307692307    -0.503621498406984    0.0
0.8461538461538461    -0.553722524710196    0.0
0.8615384615384616    -0.5970362468161429    0.0
0.8769230769230769    -0.6305311104925313    0.0
0.8923076923076922    -0.6511885862680403    0.0
0.9076923076923077    -0.6562065602052631    0.0
0.923076923076923    -0.6432220545249973    0.0
0.9384615384615385    -0.6105384539452451    0.0
0.9538461538461538    -0.557338715896997    0.0
0.9692307692307692    -0.4838644161512171    0.0
0.9846153846153846    -0.39153984710862055    0.0
1.0    -0.283024461795449    0.0
1.0128205128205128    -0.18297983585119876    0.0
1.0256410256410255    -0.07717107988295005    0.0
1.0384615384615385    0.031146164301221167    0.0
1.0512820512820513    0.13839014822315837    0.0
1.064102564102564    0.24079174030084996    0.0
1.0769230769230769    0.33455319831841485    0.0
1.0897435897435896    0.4160197761688091    0.0
1.1025641025641026    0.48185569417460455    0.0
1.1153846153846154    0.5292153002379228    0.0
1.1282051282051282    0.5559001097841756    0.0
1.141025641025641    0.5604926180009616    0.0
1.1538461538461537    0.5424584322708808    0.0
1.1666666666666667    0.5022095599592051    0.0
1.1794871794871795    0.44112358007672603    0.0
1.1923076923076923    0.36151574953850174    0.0
1.205128205128205    0.26656365070045224    0.0
1.217948717948718    0.16018660047678177    0.0
1.2307692307692308    0.0468845585212472    0.0
1.2435897435897436    -0.06845642354835942    0.0
1.2564102564102564    -0.18078316441092512    0.0
1.2692307692307692    -0.28510807465909266    0.0
1.282051282051282    -0.37674392507982146    0.0
1.294871794871795    -0.45152857269167795    0.0
1.3076923076923077    -0.5060279196481936    0.0
1.3205128205128205    -0.5377064240870486    0.0
1.3333333333333333    -0.5450560841701065    0.0
1.3461538461538463    -0.5276768742062254    0.0
1.358974358974359    -0.48630405839269447    0.0
1.3717948717948718    -0.4227805562316576    0.0
1.3846153846153846    -0.33997542700864714    0.0
1.3974358974358974    -0.24165237844080736    0.0
1.4102564102564101    -0.13229480699271812    0.0
1.4230769230769231    -0.016896100902717974    0.0
1.435897435897436    0.09927434564511634    0.0
1.4487179487179487    0.21091782129729733    0.0
1.4615384615384615    0.3129535306432631    0.0
1.4743589743589745    0.40075424008323757    0.0
1.4871794871794872    0.4703589421169965    0.0
1.5    0.5186524192609847    0.0
1.5128205128205128    0.5435034005300009    0.0
1.5256410256410255    0.5438552085781901    0.0
1.5384615384615385    0.5197652691443323    0.0
1.5512820512820513    0.4723923440465965    0.0
1.564102564102564    0.4039329220021756    0.0
1.5769230769230769    0.3175106558412995    0.0
1.5897435897435896    0.2170249232678208    0.0
1.6025641025641026    0.10696639317678158    0.0
1.6153846153846154    -0.007791123988677432    0.0
1.6282051282051282    -0.12221240383269683    0.0
1.641025641025641    -0.231325640662629    0.0
1.6538461538461537    -0.33044006570175016    0.0
1.6666666666666667    -0.4153466615393533    0.0
1.6794871794871795    -0.4824933561693131    0.0
1.6923076923076923    -0.5291275276189932    0.0
1.705128205128205    -0.5534003864819381    0.0
1.717948717948718    -0.5544297282351637    0.0
1.7307692307692308    -0.5323195497745874    0.0
1.7435897435897436    -0.4881370002165709    0.0
1.7564102564102564    -0.42384899915626234    0.0
1.7692307692307692    -0.34222253829303334    0.0
1.782051282051282    -0.24669412217403702    0.0
1.794871794871795    -0.14121493967342658    0.0
1.8076923076923077    -0.030079141280755697    0.0
1.8205128205128205    0.08225699248150493    0.0
1.8333333333333333    0.191357159801448    0.0
1.8461538461538463    0.2929808814257879    0.0
1.858974358974359    0.3832461294738623    0.0
1.8717948717948718    0.45877264722001626    0.0
1.8846153846153846    0.5168009384019113    0.0
1.8974358974358974    0.5552831351314735    0.0
1.9102564102564101    0.5729432790166613    0.0
1.9230769230769231    0.5693059068178742    0.0
1.935897435897436    0.5446931541157448    0.0
1.9487179487179487    0.5001918186466245    0.0
1.9615384615384615    0.43759292324542415    0.0
1.9743589743589745    0.3593072647222861    0.0
1.9871794871794872    0.2682611892830133    0.0
2.0    0.16777736913166053    0.0
2.0128205128205128    0.061445671748976555    0.0
2.0256410256410255    -0.04701068677967102    0.0
2.0384615384615383    -0.15386862568625395    0.0
2.051282051282051    -0.2555335405555495    0.0
2.064102564102564    -0.3486581712377988    0.0
2.076923076923077    -0.4302482529240902    0.0
2.08974358974359    -0.49775189691504695    0.0
2.1025641025641026    -0.5491304040817531    0.0
2.1153846153846154    -0.5829090086409837    0.0
2.128205128205128    -0.5982068461981528    0.0
2.141025641025641    -0.5947462013240463    0.0
2.1538461538461537    -0.5728417945072792    0.0
2.1666666666666665    -0.5333715003606951    0.0
2.1794871794871793    -0.47773043149314665    0.0
2.1923076923076925    -0.4077707606791047    0.0
2.2051282051282053    -0.32572997891229705    0.0
2.217948717948718    -0.2341504954591007    0.0
2.230769230769231    -0.13579357994594116    0.0
2.2435897435897436    -0.0335506325977356    0.0
2.2564102564102564    0.06964534201529844    0.0
2.269230769230769    0.17090537705644765    0.0
2.282051282051282    0.26746488652511285    0.0
2.2948717948717947    0.3567566188805723    0.0
2.3076923076923075    0.4364744989834416    0.0
2.3205128205128203    0.5046270316433004    0.0
2.3333333333333335    0.5595793454268306    0.0
2.3461538461538463    0.600083355697393    0.0
2.358974358974359    0.6252959097711628    0.0
2.371794871794872    0.6347851354842686    0.0
2.3846153846153846    0.6285255388572637    0.0
2.3974358974358974    0.6068826792286833    0.0
2.41025641025641    0.5705884857199334    0.0
2.423076923076923    0.5207084639062419    0.0
2.435897435897436    0.4586021739269308    0.0
2.448717948717949    0.385878441088607    0.0
2.4615384615384617    0.3043467922788392    0.0
2.4743589743589745    0.2159666024308776    0.0
2.4871794871794872    0.1227953856150815    0.0
2.5    0.026937578391634468    0.0
2.5128205128205128    -0.06950495271982615    0.0
2.5256410256410255    -0.16447958710993532    0.0
2.5384615384615383    -0.25602587464791016    0.0
2.551282051282051    -0.34231394193027526    0.0
2.564102564102564    -0.4216777845730179    0.0
2.576923076923077    -0.49264302262133153    0.0
2.58974358974359    -0.5539488647799892    0.0
2.6025641025641026    -0.6045641867379644    0.0
2.6153846153846154    -0.6436977778672787    0.0
2.628205128205128    -0.6708029449404818    0.0
2.641025641025641    -0.6855767769809795    0.0
2.6538461538461537    -0.6879544720082696    0.0
2.6666666666666665    -0.6780992053714893    0.0
2.6794871794871793    -0.6563880803749466    0.0
2.6923076923076925    -0.6233947446030293    0.0
2.7051282051282053    -0.5798692802527178    0.0
2.717948717948718    -0.5267159849606459    0.0
2.730769230769231    -0.46496965233427284    0.0
2.7435897435897436    -0.3957709403772961    0.0
2.7564102564102564    -0.320341383629762    0.0
2.769230769230769    -0.23995856372175572    0.0
2.782051282051282    -0.15593190520221623    0.0
2.7948717948717947    -0.069579510239357    0.0
2.8076923076923075    0.01779361176470279    0.0
2.8205128205128203    0.10491562378755556    0.0
2.8333333333333335    0.19056601484447883    0.0
2.8461538461538463    0.27359165171698124    0.0
2.858974358974359    0.35292060930339203    0.0
2.871794871794872    0.4275737133552793    0.0
2.8846153846153846    0.4966737787330638    0.0
2.8974358974358974    0.559452571246819    0.0
2.91025641025641    0.6152555612148537    0.0
2.923076923076923    0.6635445717672711    0.0
2.935897435897436    0.703898454020493    0.0
2.948717948717949    0.7360119438706442    0.0
2.9615384615384617    0.7596928719469711    0.0
2.9743589743589745    0.7748579111303002    0.0
2.9871794871794872    0.7815270548495803    0.0
3.0    0.7798170224178234    0.0
3.0128205128205128    0.7699337873233517    0.0
3.0256410256410255    0.7521644210520453    0.0
3.0384615384615383    0.7268684382097573    0.0
3.051282051282051    0.694468816514172    0.0
3.064102564102564    0.6554428538740552    0.0
3.076923076923077    0.610313012100288    0.0
3.08974358974359    0.5596378824223212    0.0
3.1025641025641026    0.5040033922489507    0.0
3.1153846153846154    0.4440143576173298    0.0
3.128205128205128    0.38028646995447174    0.0
3.141025641025641    0.3134387894807529    0.0
3.1538461538461537    0.24408680217638432    0.0
3.1666666666666665    0.1728360830799214    0.0
3.1794871794871793    0.10027659555760093    0.0
3.1923076923076925    0.026977643940074583    0.0
3.2051282051282053    -0.04651651439257387    0.0
3.217948717948718    -0.11969040170495075    0.0
3.230769230769231    -0.19206041078569194    0.0
3.2435897435897436    -0.26317727529579893    0.0
3.2564102564102564    -0.33262794733804324    0.0
3.269230769230769    -0.4000369151460418    0.0
3.282051282051282    -0.4650669978753763    0.0
3.2948717948717947    -0.5274196577427112    0.0
3.3076923076923075    -0.5868348722539465    0.0
3.3205128205128203    -0.6430906108624289    0.0
3.3333333333333335    -0.696001960986531    0.0
3.3461538461538463    -0.7454199479653572    0.0
3.358974358974359    -0.7912300925012733    0.0
3.371794871794872    -0.8333507477018511    0.0
3.3846153846153846    -0.8717312561271766    0.0
3.3974358974358974    -0.906349965290291    0.0
3.41025641025641    -0.9372121378750833    0.0
3.423076923076923    -0.9643477905517729    0.0
3.435897435897436    -0.9878094925471029    0.0
3.448717948717949    -1.0076701518553846    0.0
3.4615384615384617    -1.0240208134824726    0.0
3.4743589743589745    -1.0369684913707462    0.0
3.4871794871794872    -1.046634053507677    0.0
3.5    -1.0531501766008853    0.0
3.5128205128205128    -1.0566593842115104    0.0
3.5256410256410255    -1.0573121801125176    0.0
3.5384615384615383    -1.055265286530745    0.0
3.551282051282051    -1.0506799935088187    0.0
3.564102564102564    -1.043720623834204    0.0
3.576923076923077    -1.034553116540488    0.0
3.58974358974359    -1.0233437304022275    0.0
3.6025641025641026    -1.0102578672434186    0.0
3.6153846153846154    -0.9954590138941567    0.0
3.628205128205128    -0.9791078007080193    0.0
3.641025641025641    -0.9613611732775705    0.0
3.6538461538461537    -0.9423716728661772    0.0
3.6666666666666665    -0.9222868204474666    0.0
3.6794871794871793    -0.9012485989078812    0.0
3.6923076923076925    -0.8793930276840494    0.0
3.7051282051282053    -0.8568498238676907    0.0
3.717948717948718    -0.8337421436693857    0.0
3.730769230769231    -0.8101863980480815    0.0
3.7435897435897436    -0.7862921362271772    0.0
3.7564102564102564    -0.7621619907687154    0.0
3.769230769230769    -0.7378916779609574    0.0
3.782051282051282    -0.7135700475174249    0.0
3.7948717948717947    -0.689279175904042    0.0
3.8076923076923075    -0.6650944979045565    0.0
3.8205128205128203    -0.6410849712828057    0.0
3.8333333333333335    -0.6173132696527773    0.0
3.8461538461538463    -0.5938359989576425    0.0
3.858974358974359    -0.570703933270315    0.0
3.871794871794872    -0.5479622659418667    0.0
3.8846153846153846    -0.5256508724559117    0.0
3.8974358974358974    -0.5038045817016925    0.0
3.91025641025641    -0.48245345270643647    0.0
3.923076923076923    -0.46162305413592286    0.0
3.935897435897436    -0.44133474414554547    0.0
3.948717948717949    -0.4216059484857981    0.0
3.9615384615384617    -0.4024504350230926    0.0
3.9743589743589745    -0.38387858302737216    0.0
3.9871794871794872    -0.36589764589187457    0.0
4.0    -0.3485120061047378    0.0
4.012820512820513    -0.3317234215201132    0.0
4.0256410256410255    -0.31553126212460847    0.0
4.038461538461538    -0.29993273666610243    0.0
4.051282051282051    -0.2849231087320572    0.0
4.064102564102564    -0.27049590198464374    0.0
4.076923076923077    -0.2566430943559216    0.0
4.089743589743589    -0.24335530110647252    0.0
4.102564102564102    -0.2306219467740851    0.0
4.115384615384615    -0.21843142607811603    0.0
4.128205128205128    -0.20677125391493512    0.0
4.141025641025641    -0.19562820467981082    0.0
4.153846153846154    -0.1849884412223695    0.0
4.166666666666667    -0.17483763378070832    0.0
4.17948717948718    -0.16516106926264543    0.0
4.1923076923076925    -0.1559437512589788    0.0
4.205128205128205    -0.1471704911837556    0.0
4.217948717948718    -0.138825990945984    0.0
4.230769230769231    -0.1308949175732283    0.0
4.243589743589744    -0.12336197022922595    0.0
4.256410256410256    -0.11621194008468418    0.0
4.269230769230769    -0.10942976350160148    0.0
4.282051282051282    -0.10300056897449673    0.0
4.294871794871795    -0.09690971824564    0.0
4.3076923076923075    -0.09114284198898734    0.0
4.32051282051282    -0.08568587044689313    0.0
4.333333333333333    -0.08052505940200821    0.0
4.346153846153846    -0.07564701186408498    0.0
4.358974358974359    -0.071038695839558    0.0
4.371794871794872    -0.06668745853093862    0.0
4.384615384615385    -0.0625810372894167    0.0
4.397435897435898    -0.058707567621709866    0.0
4.410256410256411    -0.055055588530162305    0.0
4.423076923076923    -0.05161404544395218    0.0
4.435897435897436    -0.04837229098653456    0.0
4.448717948717949    -0.04532008382306081    0.0
4.461538461538462    -0.0424475858250496    0.0
4.4743589743589745    -0.039745357761714825    0.0
4.487179487179487    -0.03720435369966168    0.0
4.5    -0.03481591428491383    0.0
4.512820512820513    -0.032571759065960826    0.0
4.5256410256410255    -0.03046397799599835    0.0
4.538461538461538    -0.028485022239066363    0.0
4.551282051282051    -0.026627694417670263    0.0
4.564102564102564    -0.024885138420105975    0.0
4.576923076923077    -0.023250828866825585    0.0
4.589743589743589    -0.021718560323929697    0.0
4.602564102564102    -0.020282436347104395    0.0
4.615384615384615    -0.018936858423529802    0.0
4.628205128205128    -0.01767651487054664    0.0
4.641025641025641    -0.01649636974935675    0.0
4.653846153846154    -0.015391651849038521    0.0
4.666666666666667    -0.014357843788389462    0.0
4.67948717948718    -0.013390671274463934    0.0
4.6923076923076925    -0.012486092549557024    0.0
4.705128205128205    -0.011640288052667865    0.0
4.717948717948718    -0.010849650316823688    0.0
4.730769230769231    -0.010110774120358471    0.0
4.743589743589744    -0.009420446908249886    0.0
4.756410256410256    -0.008775639497903215    0.0
4.769230769230769    -0.008173497081117663    0.0
4.782051282051282    -0.007611330530120362    0.0
4.794871794871795    -0.0070866080114491215    0.0
4.8076923076923075    -0.0065969469083814744    0.0
4.82051282051282    -0.006140106051094048    0.0
4.833333333333333    -0.005713978253289537    0.0
4.846153846153846    -0.005316583153664144    0.0
4.858974358974359    -0.004946060359661925    0.0
4.871794871794872    -0.004600662889525082    0.0
4.884615384615385    -0.004278750907151427    0.0
4.897435897435898    -0.0039787857430400204    0.0
4.910256410256411    -0.003699324193678364    0.0
4.923076923076923    -0.003439013091109679    0.0
4.935897435897436    -0.0031965841343527725    0.0
4.948717948717949    -0.002970848974887924    0.0
4.961538461538462    -0.002760694548783542    0.0
4.9743589743589745    -0.002565078647208593    0.0
4.987179487179487    -0.002383025716073396    0.0
5.0    -0.0022136228760298265    0.0
5.012820512820513    -0.002056016153977452    0.0
5.0256410256410255    -0.0019094069168165203    0.0
5.038461538461538    -0.0017730484985043831    0.0
5.051282051282051    -0.001646243012637606    0.0
5.064102564102564    -0.0015283383426531196    0.0
5.076923076923077    -0.001418725301448646    0.0
5.089743589743589    -0.001316834952338538    0.0
5.102564102564102    -0.001222136083720044    0.0
5.115384615384615    -0.0011341328297082291    0.0
5.128205128205128    -0.001052362429188229    0.0
5.141025641025641    -0.0009763931163324778    0.0
5.153846153846154    -0.0009058221360710557    0.0
5.166666666666667    -0.0008402738781694955    0.0
5.17948717948718    -0.000779398123674264    0.0
5.1923076923076925    -0.000722868397658992    0.0
5.205128205128205    -0.0006703804224298634    0.0
5.217948717948718    -0.0006216506655955164    0.0
5.230769230769231    -0.0005764149776803852    0.0
5.243589743589744    -0.0005344273142606234    0.0
5.256410256410256    -0.0004954585378940193    0.0
5.269230769230769    -0.0004592952953552963    0.0
5.282051282051282    -0.00042573896586507113    0.0
5.294871794871795    -0.0003946046761489383    0.0
5.3076923076923075    -0.0003657203783321394    0.0
5.32051282051282    -0.0003389259868891045    0.0
5.333333333333333    -0.00031407257110837683    0.0
5.346153846153846    -0.0002910215997624737    0.0
5.358974358974359    -0.0002696442348618216    0.0
5.371794871794872    -0.0002498206715256051    0.0
5.384615384615385    -0.00023143952114223926    0.0
5.397435897435898    -0.00021439723513264167    0.0
5.410256410256411    -0.00019859756676981607    0.0
5.423076923076923    -0.00018395106864899864    0.0
5.435897435897436    -0.00017037462355390387    0.0
5.448717948717949    -0.00015779100662077945    0.0
5.461538461538462    -0.0001461284768341187    0.0
5.4743589743589745    -0.00013532039599373604    0.0
5.487179487179487    -0.00012530487338672635    0.0
5.5    -0.0001160244344888281    0.0
5.512820512820513    -0.0001074257121433447    0.0
5.5256410256410255    -9.945915874655606e-05    0.0
5.538461538461538    -9.207877801801694e-05    0.0
5.551282051282051    -8.524187513564003e-05    0.0
5.564102564102564    -7.890882402172303e-05    0.0
5.576923076923077    -7.304285062670449e-05    0.0
5.589743589743589    -6.76098311605613e-05    0.0
5.602564102564102    -6.257810428036696e-05    0.0
5.615384615384615    -5.791829628433228e-05    0.0
5.628205128205128    -5.3603158436171946e-05    0.0
5.641025641025641    -4.960741560385118e-05    0.0
5.653846153846154    -4.590762545268169e-05    0.0
5.666666666666667    -4.2482047484509886e-05    0.0
5.67948717948718    -3.9310521256786874e-05    0.0
5.6923076923076925    -3.637435315299539e-05    0.0
5.705128205128205    -3.3656211115995905e-05    0.0
5.717948717948718    -3.114002679711142e-05    0.0
5.730769230769231    -2.8810904611732358e-05    0.0
5.743589743589744    -2.665503722595678e-05    0.0
5.756410256410256    -2.4659627030343838e-05    0.0
5.769230769230769    -2.2812813187236255e-05    0.0
5.782051282051282    -2.1103603866220372e-05    0.0
5.794871794871795    -1.9521813307307594e-05    0.0
5.8076923076923075    -1.8058003374216514e-05    0.0
5.82051282051282    -1.6703429282250334e-05    0.0
5.833333333333333    -1.5449989207268748e-05    0.0
5.846153846153846    -1.429017750360708e-05    0.0
5.858974358974359    -1.3217041278617201e-05    0.0
5.871794871794872    -1.2224140089030423e-05    0.0
5.884615384615385    -1.130550853933291e-05    0.0
5.897435897435898    -1.0455621575935691e-05    0.0
5.910256410256411    -9.6693622850825e-06    0.0
5.923076923076923    -8.94199201682038e-06    0.0
5.935897435897436    -8.269122669034422e-06    0.0
5.948717948717949    -7.646690976582124e-06    0.0
5.961538461538462    -7.070934667798904e-06    0.0
5.9743589743589745    -6.538370358590504e-06    0.0
5.987179487179487    -6.045773037068992e-06    0.0
6.0    -5.590157047869738e-06    0.0
6.012820512820513    -5.168758472253212e-06    0.0
6.0256410256410255    -4.779018788593012e-06    0.0
6.038461538461538    -4.418569705052992e-06    0.0
6.051282051282051    -4.08521912974716e-06    0.0
6.064102564102564    -3.776938148958953e-06    0.0
6.076923076923077    -3.4918489620998975e-06    0.0
6.089743589743589    -3.2282137045713763e-06    0.0
6.102564102564102    -2.9844240868866534e-06    0.0
6.115384615384615    -2.7589917957923855e-06    0.0
6.128205128205128    -2.5505396007517575e-06    0.0
6.141025641025641    -2.3577931134033507e-06    0.0
6.153846153846154    -2.1795731533959034e-06    0.0
6.166666666666667    -2.014788676895141e-06    0.0
6.17948717948718    -1.8624302266524014e-06    0.0
6.1923076923076925    -1.7215638654858804e-06    0.0
6.205128205128205    -1.5913255575699386e-06    0.0
6.217948717948718    -1.470915964438564e-06    0.0
6.230769230769231    -1.359595625500108e-06    0.0
6.243589743589744    -1.2566804954030704e-06    0.0
6.256410256410256    -1.1615378121822795e-06    0.0
6.269230769230769    -1.0735822714376642e-06    0.0
6.282051282051282    -9.922724837859081e-07    0.0
6.294871794871795    -9.17107695130073e-07    0.0
6.3076923076923075    -8.476247507925113e-07    0.0
6.32051282051282    -7.833952852076731e-07    0.0
6.333333333333333    -7.240231199621086e-07    0.0
6.346153846153846    -6.691418550802038e-07    0.0
6.358974358974359    -6.184126401840432e-07    0.0
6.371794871794872    -5.715221121702664e-07    0.0
6.384615384615385    -5.281804858273815e-07    0.0
6.397435897435898    -4.881197859146761e-07    0.0
6.410256410256411    -4.51092212130571e-07    0.0
6.423076923076923    -4.1686862740538033e-07    0.0
6.435897435897436    -3.8523715692270913e-07    0.0
6.448717948717949    -3.5600188952742845e-07    0.0
6.461538461538462    -3.2898168006149224e-07    0.0
6.4743589743589745    -3.0400904214344154e-07    0.0
6.487179487179487    -2.8092912147490025e-07    0.0
6.5    -2.595987486425587e-07    0.0
6.512820512820513    -2.39885560209471e-07    0.0
6.5256410256410255    -2.216671688630727e-07    0.0
6.538461538461538    -2.0483043756212625e-07    0.0
6.551282051282051    -1.89270767615342e-07    0.0
6.564102564102564    -1.7489146387059305e-07    0.0
6.576923076923077    -1.6160313735453034e-07    0.0
6.589743589743589    -1.4932315190974696e-07    0.0
6.602564102564102    -1.379751182287368e-07    0.0
6.615384615384615    -1.2748842300916506e-07    0.0
6.628205128205128    -1.1779779133462237e-07    0.0
6.641025641025641    -1.0884288445423868e-07    0.0
6.653846153846154    -1.0056792905271265e-07    0.0
6.666666666666667    -9.292137269195955e-08    0.0
6.67948717948718    -8.585556397770432e-08    0.0
6.6923076923076925    -7.932645763639185e-08    0.0
6.705128205128205    -7.329334285425813e-08    0.0
6.717948717948718    -6.771859190410767e-08    0.0
6.730769230769231    -6.256742697901577e-08    0.0
6.743589743589744    -5.780770443497483e-08    0.0
6.756410256410256    -5.340971569026579e-08    0.0
6.769230769230769    -4.934600337636819e-08    0.0
6.782051282051282    -4.5591191173426905e-08    0.0
6.794871794871795    -4.2121826223074216e-08    0.0
6.8076923076923075    -3.891623343675109e-08    0.0
6.82051282051282    -3.595438104579809e-08    0.0
6.833333333333333    -3.3217756512835114e-08    0.0
6.846153846153846    -3.068925170198698e-08    0.0
6.858974358974359    -2.8353056299882787e-08    0.0
6.871794871794872    -2.6194559105083558e-08    0.0
6.884615384615385    -2.4200257337813833e-08    0.0
6.897435897435898    -2.2357673374766365e-08    0.0
6.910256410256411    -2.0655277019012827e-08    0.0
6.923076923076923    -1.9082412652426477e-08    0.0
6.935897435897436    -1.762923342100246e-08    0.0
6.948717948717949    -1.6286641530019627e-08    0.0
6.961538461538462    -1.504622906123766e-08    0.0
6.9743589743589745    -1.3900225581142899e-08    0.0
6.987179487179487    -1.284145314537986e-08    0.0
7.0    -1.1863277426823466e-08    0.0
7.012820512820513    -1.0959549891246135e-08    0.0
7.0256410256410255    -1.0124620995012251e-08    0.0
7.038461538461538    -9.353261058264162e-09    0.0
7.051282051282051    -8.640632183871288e-09    0.0
7.064102564102564    -7.982266689995481e-09    0.0
7.076923076923077    -7.374037677252382e-09    0.0
7.089743589743589    -6.812128297484095e-09    0.0
7.102564102564102    -6.293012588084816e-09    0.0
7.115384615384615    -5.813434741902463e-09    0.0
7.128205128205128    -5.370385900919026e-09    0.0
7.141025641025641    -4.961084999356002e-09    0.0
7.153846153846154    -4.582962955264581e-09    0.0
7.166666666666667    -4.233646643145135e-09    0.0
7.17948717948718    -3.910942996951154e-09    0.0
7.1923076923076925    -3.612825274799489e-09    0.0
7.205128205128205    -3.3374212459558518e-09    0.0
7.217948717948718    -3.083001682996805e-09    0.0
7.230769230769231    -2.8479688870669307e-09    0.0
7.243589743589744    -2.630846308061797e-09    0.0
7.256410256410256    -2.4302696822353253e-09    0.0
7.269230769230769    -2.2449788816772446e-09    0.0
7.282051282051282    -2.073809793549895e-09    0.0
7.294871794871795    -1.915686620875187e-09    0.0
7.3076923076923075    -1.7696152696999282e-09    0.0
7.32051282051282    -1.6346776083874227e-09    0.0
7.333333333333333    -1.510025777312149e-09    0.0
7.346153846153846    -1.3948763433678196e-09    0.0
7.358974358974359    -1.2885050121232848e-09    0.0
7.371794871794872    -1.1902424536117621e-09    0.0
7.384615384615385    -1.0994707509126558e-09    0.0
7.397435897435898    -1.0156194940568046e-09    0.0
7.410256410256411    -9.381613901695662e-10    0.0
7.423076923076923    -8.666085967223097e-10    0.0
7.435897435897436    -8.005107562991913e-10    0.0
7.448717948717949    -7.394527610179567e-10    0.0
7.461538461538462    -6.8304985151931e-10    0.0
7.4743589743589745    -6.309459757728836e-10    0.0
7.487179487179487    -5.828149715990548e-10    0.0
7.5    -5.383556499770829e-10    0.0
7.512820512820513    -4.972857769661984e-10    0.0
7.5256410256410255    -4.593461415868218e-10    0.0
7.538461538461538    -4.243007231619938e-10    0.0
7.551282051282051    -3.9192945629922117e-10    0.0
7.564102564102564    -3.620274740612428e-10    0.0
7.576923076923077    -3.3440648678854666e-10    0.0
7.589743589743589    -3.088927418854715e-10    0.0
7.602564102564102    -2.853254045624262e-10    0.0
7.615384615384615    -2.635557526207244e-10    0.0
7.628205128205128    -2.434465184251856e-10    0.0
7.641025641025641    -2.2487124318327905e-10    0.0
7.653846153846154    -2.0771333896141036e-10    0.0
7.666666666666667    -1.918648799588445e-10    0.0
7.67948717948718    -1.7722573638474423e-10    0.0
7.6923076923076925    -1.637033250215441e-10    0.0
7.705128205128205    -1.5121244180820643e-10    0.0
7.717948717948718    -1.3967463969735536e-10    0.0
7.730769230769231    -1.2901736359034192e-10    0.0
7.743589743589744    -1.1917338751968652e-10    0.0
7.756410256410256    -1.1008060120094307e-10    0.0
7.769230769230769    -1.0168171963876255e-10    0.0
7.782051282051282    -9.392376433453305e-11    0.0
7.794871794871795    -8.675767922953438e-11    0.0
7.8076923076923075    -8.013828877603723e-11    0.0
7.82051282051282    -7.402416985436481e-11    0.0
7.833333333333333    -6.837701587613071e-11    0.0
7.846153846153846    -6.316095194914285e-11    0.0
7.858974358974359    -5.834262284734092e-11    0.0
7.871794871794872    -5.389174255303357e-11    0.0
7.884615384615385    -4.9780755123793186e-11    0.0
7.897435897435898    -4.598356320524052e-11    0.0
7.910256410256411    -4.247535095468395e-11    0.0
7.923076923076923    -3.923398107305189e-11    0.0
7.935897435897436    -3.62398595235144e-11    0.0
7.948717948717949    -3.347394400420442e-11    0.0
7.961538461538462    -3.091877715436579e-11    0.0
7.9743589743589745    -2.8558459168756967e-11    0.0
7.987179487179487    -2.6378248197538986e-11    0.0
8.0    -2.437063337878464e-11    0.0
8.012820512820513    -2.2510181917590807e-11    0.0
8.025641025641026    -2.0795710832712387e-11    0.0
8.038461538461538    -1.9209249615456158e-11    0.0
8.051282051282051    -1.7743806636706322e-11    0.0
8.064102564102564    -1.6389647314814567e-11    0.0
8.076923076923077    -1.513961756659666e-11    0.0
8.08974358974359    -1.3985685364303021e-11    0.0
8.102564102564102    -1.2918840314289894e-11    0.0
8.115384615384615    -1.1932998172644145e-11    0.0
8.128205128205128    -1.1022809275385393e-11    0.0
8.14102564102564    -1.0181915042935268e-11    0.0
8.153846153846153    -9.404790007012377e-12    0.0
8.166666666666666    -8.687362646176476e-12    0.0
8.179487179487179    -8.02543565215233e-12    0.0
8.192307692307692    -7.414186899310408e-12    0.0
8.205128205128204    -6.849331515151248e-12    0.0
8.217948717948717    -6.327630790028638e-12    0.0
8.23076923076923    -5.846093993083141e-12    0.0
8.243589743589743    -5.4014739745707586e-12    0.0
8.256410256410255    -4.990760402919002e-12    0.0
8.26923076923077    -4.611551264129938e-12    0.0
8.282051282051283    -4.2616271286602005e-12    0.0
8.294871794871796    -3.938603346085059e-12    0.0
8.307692307692308    -3.64032354763896e-12    0.0
8.320512820512821    -3.3651873016487363e-12    0.0
8.333333333333334    -3.1116715666342102e-12    0.0
8.346153846153847    -2.8778820788448104e-12    0.0
8.35897435897436    -2.6620492240099257e-12    0.0
8.371794871794872    -2.4630429405782174e-12    0.0
8.384615384615385    -2.2797886772186737e-12    0.0
8.397435897435898    -2.110744681859517e-12    0.0
8.41025641025641    -1.9546188901361892e-12    0.0
8.423076923076923    -1.8105364775470463e-12    0.0
8.435897435897436    -1.677177914626179e-12    0.0
8.448717948717949    -1.5539178094623438e-12    0.0
8.461538461538462    -1.4409071626637108e-12    0.0
8.474358974358974    -1.3365265857065591e-12    0.0
8.487179487179487    -1.240373436061172e-12    0.0
8.5    -1.1494340847140474e-12    0.0
8.512820512820513    -1.0628531451256555e-12    0.0
8.525641025641026    -9.814552206917691e-13    0.0
8.538461538461538    -9.068737597287257e-13    0.0
8.551282051282051    -8.375572401699993e-13    0.0
8.564102564102564    -7.728142671469419e-13    0.0
8.576923076923077    -7.13441675936061e-13    0.0
8.58974358974359    -6.582125558812049e-13    0.0
8.602564102564102    -6.066893036646899e-13    0.0
8.615384615384615    -5.593468812248873e-13    0.0
8.628205128205128    -5.157720165472824e-13    0.0
8.64102564102564    -4.751506070870363e-13    0.0
8.653846153846153    -4.373674524914234e-13    0.0
8.666666666666666    -4.025738486127226e-13    0.0
8.679487179487179    -3.70433471181135e-13    0.0
8.692307692307692    -3.40403500797564e-13    0.0
8.705128205128204    -3.1230382190226836e-13    0.0
8.717948717948717    -2.8617441422693663e-13    0.0
8.73076923076923    -2.618458845551498e-13    0.0
8.743589743589743    -2.3901847422872547e-13    0.0
8.756410256410255    -2.1761165063184604e-13    0.0
8.76923076923077    -1.9769107492048696e-13    0.0
8.782051282051283    -1.7910520719078735e-13    0.0
8.794871794871796    -1.615263903618914e-13    0.0
8.807692307692308    -1.4486494813230378e-13    0.0
8.820512820512821    -1.2927452772218692e-13    0.0
8.833333333333334    -1.1463175075268926e-13    0.0
8.846153846153847    -1.0043361344515203e-13    0.0
8.85897435897436    -8.646897143879447e-14    0.0
8.871794871794872    -7.307994913493772e-14    0.0
8.884615384615385    -6.031297839131448e-14    0.0
8.897435897435898    -4.756500919332775e-14    0.0
8.91025641025641    -3.484359683874372e-14    0.0
8.923076923076923    -2.302810091428749e-14    0.0
8.935897435897436    -1.1657966139756888e-14    0.0
8.948717948717949    6.548944871827144e-16    0.0
8.961538461538462    1.315098634246873e-14    0.0
8.974358974358974    2.624481059033422e-14    0.0
8.987179487179487    3.7776119282428287e-14    0.0
9.0    4.6787072747126565e-14    0.0
9.012820512820513    4.419508374797878e-14    0.0
9.025641025641026    4.132111949041223e-14    0.0
9.038461538461538    3.675096305909923e-14    0.0
9.051282051282051    3.356859137312225e-14    0.0
9.064102564102564    3.092436451110478e-14    0.0
9.076923076923077    2.7835600662847294e-14    0.0
9.08974358974359    2.5111284095341005e-14    0.0
9.102564102564102    2.289901696794301e-14    0.0
9.115384615384615    2.0381274196103527e-14    0.0
9.128205128205128    1.7505565062289955e-14    0.0
9.14102564102564    1.489785231606121e-14    0.0
9.153846153846153    1.2691935585534381e-14    0.0
9.166666666666666    1.056482637055039e-14    0.0
9.179487179487179    8.467504783498556e-15    0.0
9.192307692307692    6.6177709100913305e-15    0.0
9.205128205128204    5.0124862141351886e-15    0.0
9.217948717948717    3.4229389082481984e-15    0.0
9.23076923076923    1.7741046232112616e-15    0.0
9.243589743589743    1.9168162791838687e-16    0.0
9.256410256410255    -1.2984449224460555e-15    0.0
9.26923076923077    -2.8485156456922073e-15    0.0
9.282051282051283    -4.53887778906568e-15    0.0
9.294871794871796    -6.26396906438351e-15    0.0
9.307692307692308    -7.925811649098624e-15    0.0
9.320512820512821    -9.560967427452418e-15    0.0
9.333333333333334    -1.12103214089518e-14    0.0
9.346153846153847    -1.2838122472974002e-14    0.0
9.35897435897436    -1.442892172522184e-14    0.0
9.371794871794872    -1.595497395222487e-14    0.0
9.384615384615385    -1.7271938644719007e-14    0.0
9.397435897435898    -1.8374310268805384e-14    0.0
9.41025641025641    -1.9508993303877947e-14    0.0
9.423076923076923    -2.0499550814872398e-14    0.0
9.435897435897436    -2.099950423699068e-14    0.0
9.448717948717949    -2.185822050157497e-14    0.0
9.461538461538462    -2.2290213126028253e-14    0.0
9.474358974358974    -1.9406678544489528e-14    0.0
9.487179487179487    -1.7347321389254505e-14    0.0
9.5    -1.468968583792569e-14    0.0
9.776315789473685    -2.755250188188382e-15    0.0
10.052631578947368    -4.943772283126605e-16    0.0
10.328947368421053    -9.553437410779268e-17    0.0
10.605263157894736    -1.7166157435172353e-17    0.0
10.881578947368421    5.1068025813078396e-18    0.0
11.157894736842106    -8.273428928656516e-18    0.0
11.43421052631579    1.8148226273126406e-18    0.0
11.710526315789474    5.32390127951886e-18    0.0
11.986842105263158    -4.557372293000059e-18    0.0
12.263157894736842    -1.9888774335224447e-18    0.0
12.539473684210527    4.961765361688608e-18    0.0
12.81578947368421    6.389380657206943e-19    0.0
13.092105263157896    -4.2785131900161986e-18    0.0
13.368421052631579    1.314574377852629e-19    0.0
13.644736842105264    3.951769429951828e-18    0.0
13.921052631578949    -7.101869463370142e-20    0.0
14.197368421052632    -3.412858348981037e-18    0.0
14.473684210526315    2.342523967997936e-20    0.0
14.75    3.038743100019809e-18    0.0
15.026315789473685    6.924968050846582e-20    0.0
15.30263157894737    -2.7158684644590073e-18    0.0
15.578947368421053    -6.515245175035748e-20    0.0
15.855263157894736    2.489474042626405e-18    0.0
16.13157894736842    -2.462414635461146e-20    0.0
16.407894736842106    -2.2585766095298284e-18    0.0
16.68421052631579    3.297982329329085e-19    0.0
16.960526315789473    2.0332896071091944e-18    0.0
17.236842105263158    -7.814776611213855e-19    0.0
17.513157894736842    -1.498069768174525e-18    0.0
17.789473684210527    1.4226873175956848e-18    0.0
18.065789473684212    4.68590296092978e-19    0.0
18.342105263157897    -1.4948986054857582e-18    0.0
18.618421052631582    1.105364761634823e-18    0.0
18.894736842105264    -1.681696538921814e-19    0.0
19.17105263157895    -3.886048044710364e-19    0.0
19.44736842105263    3.68717469796282e-19    0.0
19.723684210526315    4.851769932580534e-19    0.0
20.0    0.0    0.0
&  
 
0.4    1.9661856601012603e-22    0.0
0.4153846153846154    2.990177857897054e-09    0.0
0.4307692307692308    6.3961462634973916e-09    0.0
0.4461538461538462    2.0942236873522618e-08    0.0
0.46153846153846156    6.664581813683849e-08    0.0
0.47692307692307695    2.0795266561534666e-07    0.0
0.49230769230769234    5.658289923687616e-07    0.0
0.5076923076923077    1.5275797284254593e-06    0.0
0.5230769230769231    3.920212423202512e-06    0.0
0.5384615384615384    9.603162002436662e-06    0.0
0.5538461538461539    2.2628366845838118e-05    0.0
0.5692307692307692    5.126488230617967e-05    0.0
0.5846153846153846    0.00011171962522185026    0.0
0.6    0.0002345433695799503    0.0
0.6153846153846154    0.00047481981440776944    0.0
0.6307692307692307    0.000927509386063877    0.0
0.6461538461538462    0.0017492237598111054    0.0
0.6615384615384615    0.003186760815730002    0.0
0.676923076923077    0.0056108940033586276    0.0
0.6923076923076923    0.00955113631890638    0.0
0.7076923076923076    0.015723313310837553    0.0
0.7230769230769231    0.025037145459401396    0.0
0.7384615384615385    0.03856707066189692    0.0
0.7538461538461538    0.057468284031621374    0.0
0.7692307692307692    0.08282331241264944    0.0
0.7846153846153846    0.11541381042579453    0.0
0.8    0.15542876187849886    0.0
0.8153846153846154    0.20214388780804673    0.0
0.8307692307692307    0.2536346236766112    0.0
0.8461538461538461    0.3066086246415669    0.0
0.8615384615384616    0.3564522742100545    0.0
0.8769230769230769    0.39756949163824684    0.0
0.8923076923076922    0.42404657398981604    0.0
0.9076923076923077    0.43060704300358815    0.0
0.923076923076923    0.41373461710233217    0.0
0.9384615384615385    0.3727572020583792    0.0
0.9538461538461538    0.310626443935158    0.0
0.9692307692307692    0.23412477340237706    0.0
0.9846153846153846    0.15330345180459037    0.0
1.0    0.08010284597460361    0.0
1.0128205128205128    0.03348162047045921    0.0
1.0256410256410255    0.005955375619834397    0.0
1.0384615384615385    0.0009700835037922196    0.0
1.0512820512820513    0.019151832917830968    0.0
1.064102564102564    0.05798066282018568    0.0
1.0769230769230769    0.11192584181141373    0.0
1.0897435897435896    0.17307245407156577    0.0
1.1025641025641026    0.23218491107797803    0.0
1.1153846153846154    0.2800688333918739    0.0
1.1282051282051282    0.30902493099371986    0.0
1.141025641025641    0.3141519759740639    0.0
1.1538461538461537    0.2942611517425829    0.0
1.1666666666666667    0.2522144406417462    0.0
1.1794871794871795    0.1945900118745839    0.0
1.1923076923076923    0.13069363879826496    0.0
1.205128205128205    0.07105618102718583    0.0
1.217948717948718    0.025659745341949702    0.0
1.2307692307692308    0.0021981605055611674    0.0
1.2435897435897436    0.004686283403759169    0.0
1.2564102564102564    0.032682553978933264    0.0
1.2692307692307692    0.08128661300397202    0.0
1.282051282051282    0.14193598363813167    0.0
1.294871794871795    0.20387805292786468    0.0
1.3076923076923077    0.25606425676518796    0.0
1.3205128205128205    0.2891281977365971    0.0
1.3333333333333333    0.29708613386187077    0.0
1.3461538461538463    0.27844288421731644    0.0
1.358974358974359    0.23649163787771854    0.0
1.3717948717948718    0.17874339817214585    0.0
1.3846153846153846    0.11558329069312295    0.0
1.3974358974358974    0.05839587240228544    0.0
1.4102564102564101    0.017501915931487817    0.0
1.4230769230769231    0.0002854781030857973    0.0
1.435897435897436    0.009855395739444746    0.0
1.4487179487179487    0.044486327357314455    0.0
1.4615384615384615    0.09793991235336551    0.0
1.4743589743589745    0.16060396092338272    0.0
1.4871794871794872    0.22123753433620288    0.0
1.5    0.2690003320052723    0.0
1.5128205128205128    0.29539594630160576    0.0
1.5256410256410255    0.2957784878714807    0.0
1.5384615384615385    0.27015593503036617    0.0
1.5512820512820513    0.22315452679815012    0.0
1.564102564102564    0.16316180525409194    0.0
1.5769230769230769    0.10081301679186662    0.0
1.5897435897435896    0.04709981734503539    0.0
1.6025641025641026    0.011441809006502676    0.0
1.6153846153846154    6.070174574346461e-05    0.0
1.6282051282051282    0.014935871852334548    0.0
1.641025641025641    0.05351155183932855    0.0
1.6538461538461537    0.109190636877581    0.0
1.6666666666666667    0.17251284943280096    0.0
1.6794871794871795    0.23279983885394742    0.0
1.6923076923076923    0.279975940343828    0.0
1.705128205128205    0.3062519876789714    0.0
1.717948717948718    0.3073923236365423    0.0
1.7307692307692308    0.2833641031205747    0.0
1.7435897435897436    0.23827773094966362    0.0
1.7564102564102564    0.17964797407859173    0.0
1.7692307692307692    0.1171162657018711    0.0
1.782051282051282    0.060857989874448896    0.0
1.794871794871795    0.01994165923191393    0.0
1.8076923076923077    0.0009047548262893763    0.0
1.8205128205128205    0.006766212744111985    0.0
1.8333333333333333    0.036617562489320694    0.0
1.8461538461538463    0.08583779697534626    0.0
1.858974358974359    0.14687759588099997    0.0
1.8717948717948718    0.21047234170462195    0.0
1.8846153846153846    0.2670832098462449    0.0
1.8974358974358974    0.3083393603323735    0.0
1.9102564102564101    0.32826400095378505    0.0
1.9230769230769231    0.32410921539671345    0.0
1.935897435897436    0.29669063228367487    0.0
1.9487179487179487    0.25019185538699185    0.0
1.9615384615384615    0.1914875664605487    0.0
1.9743589743589745    0.12910171049910993    0.0
1.9871794871794872    0.07196406573181455    0.0
2.0    0.028149245592741467    0.0
2.0128205128205128    0.0037755705790215666    0.0
2.0256410256410255    0.00221000467242582    0.0
2.0384615384615383    0.02367555396962171    0.0
2.051282051282051    0.06529739034440597    0.0
2.064102564102564    0.12156252038470391    0.0
2.076923076923077    0.18511355912851887    0.0
2.08974358974359    0.24775695088041613    0.0
2.1025641025641026    0.30154420071174026    0.0
2.1153846153846154    0.3397829123405339    0.0
2.128205128205128    0.35785143081350884    0.0
2.141025641025641    0.35372304401605564    0.0
2.1538461538461537    0.32814772155778593    0.0
2.1666666666666665    0.2844851573623703    0.0
2.1794871794871793    0.22822636515039146    0.0
2.1923076923076925    0.16627699330371137    0.0
2.2051282051282053    0.10610001918989842    0.0
2.217948717948718    0.054826454484077046    0.0
2.230769230769231    0.018439896321852164    0.0
2.2435897435897436    0.0011256449849968786    0.0
2.2564102564102564    0.0048504737017605005    0.0
2.269230769230769    0.02920864787400287    0.0
2.282051282051282    0.07153746548395931    0.0
2.2948717948717947    0.1272752851430843    0.0
2.3076923076923075    0.190509988302352    0.0
2.3205128205128203    0.2546484410403489    0.0
2.3333333333333335    0.31312904379258916    0.0
2.3461538461538463    0.3601000338095138    0.0
2.358974358974359    0.3909949748047581    0.0
2.371794871794872    0.4029521682050392    0.0
2.3846153846153846    0.39504435298008145    0.0
2.3974358974358974    0.36830658637583824    0.0
2.41025641025641    0.3255712200336867    0.0
2.423076923076923    0.2711373043642989    0.0
2.435897435897436    0.21031595394846583    0.0
2.448717948717949    0.14890217129075714    0.0
2.4615384615384617    0.09262696996895244    0.0
2.4743589743589745    0.046641573367158205    0.0
2.4871794871794872    0.015078706733241796    0.0
2.5    0.0007256331296054523    0.0
2.5128205128205128    0.004830938451154505    0.0
2.5256410256410255    0.02705353457550034    0.0
2.5384615384615383    0.06554924848946236    0.0
2.551282051282051    0.11717883484054939    0.0
2.564102564102564    0.17781215400105385    0.0
2.576923076923077    0.24269714773833062    0.0
2.58974358974359    0.30685934479108257    0.0
2.6025641025641026    0.36549785588626504    0.0
2.6153846153846154    0.41434682923090055    0.0
2.628205128205128    0.4499765909397488    0.0
2.641025641025641    0.4700155171371691    0.0
2.6538461538461537    0.473281355557828    0.0
2.6666666666666665    0.4598185323226203    0.0
2.6794871794871793    0.4308453120560864    0.0
2.6923076923076925    0.38862100760260504    0.0
2.7051282051282053    0.3362483821838478    0.0
2.717948717948718    0.27742972880836503    0.0
2.730769230769231    0.2161967775877079    0.0
2.7435897435897436    0.15663463725217608    0.0
2.7564102564102564    0.10261860207120488    0.0
2.769230769230769    0.057580112298392556    0.0
2.782051282051282    0.024314759053514087    0.0
2.7948717948717947    0.0048413082499675015    0.0
2.8076923076923075    0.000316612626856345    0.0
2.8205128205128203    0.011007288109914488    0.0
2.8333333333333335    0.036315406006307165    0.0
2.8461538461538463    0.07485239189463536    0.0
2.858974358974359    0.12455295647775394    0.0
2.871794871794872    0.182819280345625    0.0
2.8846153846153846    0.24668484247666878    0.0
2.8974358974358974    0.3129871794830038    0.0
2.91025641025641    0.37853940560500354    0.0
2.923076923076923    0.4402913987149837    0.0
2.935897435897436    0.4954730335794438    0.0
2.948717948717949    0.5417135815175506    0.0
2.9615384615384617    0.5771332596863245    0.0
2.9743589743589745    0.6004047824421052    0.0
2.9871794871794872    0.6107845374649484    0.0
3.0    0.6081145884525998    0.0
3.0128205128205128    0.5927980368622191    0.0
3.0256410256410255    0.5657513162965933    0.0
3.0384615384615383    0.5283377264654684    0.0
3.051282051282051    0.48228693711051723    0.0
3.064102564102564    0.42960533469473394    0.0
3.076923076923077    0.37248197273879297    0.0
3.08974358974359    0.3131945594421272    0.0
3.1025641025641026    0.2540194193985458    0.0
3.1153846153846154    0.1971487497702963    0.0
3.128205128205128    0.14461779923040372    0.0
3.141025641025641    0.09824387475116657    0.0
3.1538461538461537    0.059578366996681405    0.0
3.1666666666666665    0.029872311614449136    0.0
3.1794871794871793    0.010055395616663422    0.0
3.1923076923076925    0.0007277932724740559    0.0
3.2051282051282053    0.0021637861111637375    0.0
3.217948717948718    0.01432579226040869    0.0
3.230769230769231    0.03688720139127579    0.0
3.2435897435897436    0.06926227823198632    0.0
3.2564102564102564    0.11064135135017336    0.0
3.269230769230769    0.16002953347970075    0.0
3.282051282051282    0.216287312512998    0.0
3.2948717948717947    0.27817149537330105    0.0
3.3076923076923075    0.3443751672930971    0.0
3.3205128205128203    0.4135655337795526    0.0
3.3333333333333335    0.4844187296973144    0.0
3.3461538461538463    0.5556508988245153    0.0
3.358974358974359    0.6260450592793736    0.0
3.371794871794872    0.6944734686954396    0.0
3.3846153846153846    0.7599153829091969    0.0
3.3974358974358974    0.8214702595814566    0.0
3.41025641025641    0.8783665913804095    0.0
3.423076923076923    0.9299666611423002    0.0
3.435897435897436    0.9757675935659418    0.0
3.448717948717949    1.0153991349403402    0.0
3.4615384615384617    1.0486186264453285    0.0
3.4743589743589745    1.0753036520956918    0.0
3.4871794871794872    1.095442841961807    0.0
3.5    1.1091252944744756    0.0
3.5128205128205128    1.1165290542424129    0.0
3.5256410256410255    1.1179090462143333    0.0
3.5384615384615383    1.113584824956775    0.0
3.551282051282051    1.1039284487595373    0.0
3.564102564102564    1.089352740617269    0.0
3.576923076923077    1.0703001509432313    0.0
3.58974358974359    1.0472323905534993    0.0
3.6025641025641026    1.020620958327737    0.0
3.6153846153846154    0.9909386483428543    0.0
3.628205128205128    0.9586520854068551    0.0
3.641025641025641    0.9242153054860689    0.0
3.6538461538461537    0.8880643698209643    0.0
3.6666666666666665    0.8506129791705797    0.0
3.6794871794871793    0.812249037033071    0.0
3.6923076923076925    0.7733320971398597    0.0
3.7051282051282053    0.7341916206624683    0.0
3.717948717948718    0.6951259621298949    0.0
3.730769230769231    0.6564019995816952    0.0
3.7435897435897436    0.6182553234931856    0.0
3.7564102564102564    0.5808909001730198    0.0
3.769230769230769    0.5444841284036054    0.0
3.782051282051282    0.509182212713487    0.0
3.7948717948717947    0.4751057823353357    0.0
3.8076923076923075    0.44235069114346515    0.0
3.8205128205128203    0.4109899404043195    0.0
3.8333333333333335    0.38107567288886907    0.0
3.8461538461538463    0.3526411936584029    0.0
3.858974358974359    0.32570297945067117    0.0
3.871794871794872    0.3002626448956798    0.0
3.8846153846153846    0.27630883971336917    0.0
3.8974358974358974    0.25381905654417736    0.0
3.91025641025641    0.2327613340283082    0.0
3.923076923076923    0.21309584410932078    0.0
3.935897435897436    0.19477635639048282    0.0
3.948717948717949    0.17775157579842824    0.0
3.9615384615384617    0.16196635265022827    0.0
3.9743589743589745    0.14736276650716398    0.0
3.9871794871794872    0.1338810872694291    0.0
4.0    0.1214606183991488    0.0
4.012820512820513    0.11004042838501574    0.0
4.0256410256410255    0.09955997737794993    0.0
4.038461538461538    0.08995964652401654    0.0
4.051282051282051    0.08118117788953563    0.0
4.064102564102564    0.07316803299049608    0.0
4.076923076923077    0.06586567788057288    0.0
4.089743589743589    0.059221802576620804    0.0
4.102564102564102    0.05318648233387993    0.0
4.115384615384615    0.04771228789851387    0.0
4.128205128205128    0.042754351445545916    0.0
4.141025641025641    0.038270394466254375    0.0
4.153846153846154    0.034220723385888774    0.0
4.166666666666667    0.030568198186027924    0.0
4.17948717948718    0.027278178799974392    0.0
4.1923076923076925    0.02431845355673126    0.0
4.205128205128205    0.02165915347527398    0.0
4.217948717948718    0.019272655762126095    0.0
4.230769230769231    0.017133479446495615    0.0
4.243589743589744    0.015218175698843752    0.0
4.256410256410256    0.0135052150182534    0.0
4.269230769230769    0.011974873140010228    0.0
4.282051282051282    0.010609117209062569    0.0
4.294871794871795    0.009391493490454584    0.0
4.3076923076923075    0.00830701764583698    0.0
4.32051282051282    0.007342068394237007    0.0
4.333333333333333    0.006484285191689966    0.0
4.346153846153846    0.00572247040396994    0.0
4.358974358974359    0.005046496306591121    0.0
4.371794871794872    0.004447217125309832    0.0
4.384615384615385    0.003916386228215753    0.0
4.397435897435898    0.0034465784960644704    0.0
4.410256410256411    0.0030311178284018886    0.0
4.423076923076923    0.0026640096870849117    0.0
4.435897435897436    0.002339878535291513    0.0
4.448717948717949    0.0020539099977271397    0.0
4.461538461538462    0.0018017975423743927    0.0
4.4743589743589745    0.0015796934636074058    0.0
4.487179487179487    0.0013841639342119629    0.0
4.5    0.0012121478874944666    0.0
4.512820512820513    0.0010609194886510528    0.0
4.5256410256410255    0.0009280539553406861    0.0
4.538461538461538    0.000811396491960095    0.0
4.551282051282051    0.000709034110000789    0.0
4.564102564102564    0.0006192701141879328    0.0
4.576923076923077    0.0005406010429943169    0.0
4.589743589743589    0.00047169586254416283    0.0
4.602564102564102    0.0004113772241744474    0.0
4.615384615384615    0.000358604606952758    0.0
4.628205128205128    0.00031245917796857327    0.0
4.641025641025641    0.00027213021490757257    0.0
4.653846153846154    0.00023690294664207535    0.0
4.666666666666667    0.00020614767825170667    0.0
4.67948717948718    0.0001793100771806968    0.0
4.6923076923076925    0.00015590250715618906    0.0
4.705128205128205    0.0001354963059491399    0.0
4.717948717948718    0.00011771491199727337    0.0
4.730769230769231    0.00010222775331284802    0.0
4.743589743589744    8.874481995122407e-05    0.0
4.756410256410256    7.701184859722679e-05    0.0
4.769230769230769    6.680605453498021e-05    0.0
4.782051282051282    5.7932352438671394e-05    0.0
4.794871794871795    5.0220013107984604e-05    0.0
4.8076923076923075    4.3519708512074566e-05    0.0
4.82051282051282    3.770090231863681e-05    0.0
4.833333333333333    3.2649547478999485e-05    0.0
4.846153846153846    2.826605642987212e-05    0.0
4.858974358974359    2.4463513081474953e-05    0.0
4.871794871794872    2.1166099022997874e-05    0.0
4.884615384615385    1.8307709325414797e-05    0.0
4.897435897435898    1.5830735989083703e-05    0.0
4.910256410256411    1.3684999489927893e-05    0.0
4.923076923076923    1.182681104077165e-05    0.0
4.935897435897436    1.0218150128048916e-05    0.0
4.948717948717949    8.825943631572301e-06    0.0
4.961538461538462    7.621434391677796e-06    0.0
4.9743589743589745    6.579628466372213e-06    0.0
4.987179487179487    5.678811563490596e-06    0.0
5.0    4.90012623728256e-06    0.0
5.012820512820513    4.227202425416567e-06    0.0
5.0256410256410255    3.6458347739868647e-06    0.0
5.038461538461538    3.143700978048578e-06    0.0
5.051282051282051    2.7101160566578895e-06    0.0
5.064102564102564    2.3358180896243044e-06    0.0
5.076923076923077    2.0127814809699715e-06    0.0
5.089743589743589    1.7340542917003738e-06    0.0
5.102564102564102    1.4936166071312215e-06    0.0
5.115384615384615    1.2862572754216661e-06    0.0
5.128205128205128    1.1074666823664466e-06    0.0
5.141025641025641    9.533435176219303e-07    0.0
5.153846153846154    8.205137421967151e-07    0.0
5.166666666666667    7.060601903334854e-07    0.0
5.17948717948718    6.07461435186628e-07    0.0
5.1923076923076925    5.225387203345803e-07    0.0
5.205128205128205    4.4940991077757793e-07    0.0
5.217948717948718    3.8644955003489186e-07    0.0
5.230769230769231    3.3225422649391916e-07    0.0
5.243589743589744    2.856125542282189e-07    0.0
5.256410256410256    2.454791627724645e-07    0.0
5.269230769230769    2.1095216833517715e-07    0.0
5.282051282051282    1.8125366705546197e-07    0.0
5.294871794871795    1.557128504388861e-07    0.0
5.3076923076923075    1.3375139512779588e-07    0.0
5.32051282051282    1.1487082458850492e-07    0.0
5.333333333333333    9.864157992226194e-08    0.0
5.346153846153846    8.469357152856527e-08    0.0
5.358974358974359    7.270801339452186e-08    0.0
5.371794871794872    6.241036792120377e-08    0.0
5.384615384615385    5.356425194636347e-08    0.0
5.397435897435898    4.596617443287162e-08    0.0
5.410256410256411    3.944099352685843e-08    0.0
5.423076923076923    3.383799565683081e-08    0.0
5.435897435897436    2.902751235141624e-08    0.0
5.448717948717949    2.4898001770291328e-08    0.0
5.461538461538462    2.135353174183124e-08    0.0
5.4743589743589745    1.8311609571936975e-08    0.0
5.487179487179487    1.5701311294586412e-08    0.0
5.5    1.346166939845236e-08    0.0
5.512820512820513    1.1540283629500601e-08    0.0
5.5256410256410255    9.89212425857152e-09    0.0
5.538461538461538    8.47850136129209e-09    0.0
5.551282051282051    7.266177276643091e-09    0.0
5.564102564102564    6.226602508483715e-09    0.0
5.576923076923077    5.335258027682068e-09    0.0
5.589743589743589    4.5710892695603924e-09    0.0
5.602564102564102    3.916019135316599e-09    0.0
5.615384615384615    3.354529044483639e-09    0.0
5.628205128205128    2.8732985943393805e-09    0.0
5.641025641025641    2.4608956828874454e-09    0.0
5.653846153846154    2.1075100746991308e-09    0.0
5.666666666666667    1.8047243584823156e-09    0.0
5.67948717948718    1.5453170814842635e-09    0.0
5.6923076923076925    1.3230935672928999e-09    0.0
5.705128205128205    1.1327405466805283e-09    0.0
5.717948717948718    9.697012689301855e-10    0.0
5.730769230769231    8.300682245505634e-10    0.0
5.743589743589744    7.104910095125049e-10    0.0
5.756410256410256    6.080972052711613e-10    0.0
5.769230769230769    5.204244455196084e-10    0.0
5.782051282051282    4.4536209614698976e-10    0.0
5.794871794871795    3.8110119480214574e-10    0.0
5.8076923076923075    3.260914858586615e-10    0.0
5.82051282051282    2.7900454979001557e-10    0.0
5.833333333333333    2.387021665089327e-10    0.0
5.846153846153846    2.0420917308164745e-10    0.0
5.858974358974359    1.7469018015716408e-10    0.0
5.871794871794872    1.494296009196954e-10    0.0
5.884615384615385    1.278145233350593e-10    0.0
5.897435897435898    1.0932002253515755e-10    0.0
5.910256410256411    9.349656700055434e-11    0.0
5.923076923076923    7.995922123205296e-11    0.0
5.935897435897436    6.837838971232446e-11    0.0
5.948717948717949    5.847188289256739e-11    0.0
5.961538461538462    4.9998117076602554e-11    0.0
5.9743589743589745    4.2750286945692166e-11    0.0
5.987179487179487    3.655137161435616e-11    0.0
6.0    3.1249855819847685e-11    0.0
6.012820512820513    2.6716064144578588e-11    0.0
6.0256410256410255    2.283902058174939e-11    0.0
6.038461538461538    1.952375823839366e-11    0.0
6.051282051282051    1.668901533798595e-11    0.0
6.064102564102564    1.426526178122565e-11    0.0
6.076923076923077    1.2193009173964885e-11    0.0
6.089743589743589    1.042136372236517e-11    0.0
6.102564102564102    8.906787130562516e-12    0.0
6.115384615384615    7.612035729162759e-12    0.0
6.128205128205128    6.505252254869608e-12    0.0
6.141025641025641    5.5591883657402435e-12    0.0
6.153846153846154    4.750539131105984e-12    0.0
6.166666666666667    4.059373412407427e-12    0.0
6.17948717948718    3.4686463490597167e-12    0.0
6.1923076923076925    2.96378214307957e-12    0.0
6.205128205128205    2.532317030264304e-12    0.0
6.217948717948718    2.1635937743192007e-12    0.0
6.230769230769231    1.8485002647835833e-12    0.0
6.243589743589744    1.5792458676315765e-12    0.0
6.256410256410256    1.3491700892314894e-12    0.0
6.269230769230769    1.1525788934571767e-12    0.0
6.282051282051282    9.846046819727942e-13    0.0
6.294871794871795    8.410865245405992e-13    0.0
6.3076923076923075    7.184677182604771e-13    0.0
6.32051282051282    6.137081728194861e-13    0.0
6.333333333333333    5.242094781426657e-13    0.0
6.346153846153846    4.4775082228827234e-13    0.0
6.358974358974359    3.824341936205047e-13    0.0
6.371794871794872    3.2663752461950444e-13    0.0
6.384615384615385    2.7897462555939565e-13    0.0
6.397435897435898    2.382609254947822e-13    0.0
6.410256410256411    2.034841838360284e-13    0.0
6.423076923076923    1.737794524407447e-13    0.0
6.435897435897436    1.484076671490803e-13    0.0
6.448717948717949    1.2673734531839803e-13    0.0
6.461538461538462    1.0822894580852105e-13    0.0
6.4743589743589745    9.242149771444032e-14    0.0
6.487179487179487    7.892117132548699e-14    0.0
6.5    6.739151029678236e-14    0.0
6.512820512820513    5.75450820018668e-14    0.0
6.5256410256410255    4.9136333753075054e-14    0.0
6.538461538461538    4.195550815092062e-14    0.0
6.551282051282051    3.582342347026246e-14    0.0
6.564102564102564    3.058702414319818e-14    0.0
6.576923076923077    2.6115573995106855e-14    0.0
6.589743589743589    2.2297403695403848e-14    0.0
6.602564102564102    1.9037133258702013e-14    0.0
6.615384615384615    1.6253297997179604e-14    0.0
6.628205128205128    1.3876319636993441e-14    0.0
6.641025641025641    1.184677350229702e-14    0.0
6.653846153846154    1.0113908358637486e-14    0.0
6.666666666666667    8.634381496725016e-15    0.0
6.67948717948718    7.371177861961383e-15    0.0
6.6923076923076925    6.292686886990989e-15    0.0
6.705128205128205    5.3719141106167656e-15    0.0
6.717948717948718    4.5858076842951945e-15    0.0
6.730769230769231    3.91468291474699e-15    0.0
6.743589743589744    3.3417306964132284e-15    0.0
6.756410256410256    2.8525977343127032e-15    0.0
6.769230769230769    2.4350280456554113e-15    0.0
6.782051282051282    2.078556708384719e-15    0.0
6.794871794871795    1.7742482472747484e-15    0.0
6.8076923076923075    1.5144732289633937e-15    0.0
6.82051282051282    1.2927175138487252e-15    0.0
6.833333333333333    1.1034193440710885e-15    0.0
6.846153846153846    9.418301725751376e-16    0.0
6.858974358974359    8.038958045404212e-16    0.0
6.871794871794872    6.861549237886204e-16    0.0
6.884615384615385    5.856524534338257e-16    0.0
6.897435897435898    4.998655620590735e-16    0.0
6.910256410256411    4.266404684215779e-16    0.0
6.923076923076923    3.6413847005925555e-16    0.0
6.935897435897436    3.107898735985859e-16    0.0
6.948717948717949    2.652546913510688e-16    0.0
6.961538461538462    2.2638900870885784e-16    0.0
6.9743589743589745    1.9321627152174968e-16    0.0
6.987179487179487    1.649029199659964e-16    0.0
7.0    1.4073735130577922e-16    0.0
7.012820512820513    1.2011173405728272e-16    0.0
7.0256410256410255    1.0250795035688325e-16    0.0
7.038461538461538    8.748349237613068e-17    0.0
7.051282051282051    7.466052436708576e-17    0.0
7.064102564102564    6.371658192592329e-17    0.0
7.076923076923077    5.4376431282727944e-17    0.0
7.089743589743589    4.6405091898785026e-17    0.0
7.102564102564102    3.960200785523612e-17    0.0
7.115384615384615    3.379602328973225e-17    0.0
7.128205128205128    2.884104440899518e-17    0.0
7.141025641025641    2.4612364670027338e-17    0.0
7.153846153846154    2.100354968428613e-17    0.0
7.166666666666667    1.7923763585905475e-17    0.0
7.17948717948718    1.5295474925686143e-17    0.0
7.1923076923076925    1.305250676133319e-17    0.0
7.205128205128205    1.1138380768196766e-17    0.0
7.217948717948718    9.504899115210414e-18    0.0
7.230769230769231    8.110926577495299e-18    0.0
7.243589743589744    6.921352518716025e-18    0.0
7.256410256410256    5.906210942011262e-18    0.0
7.269230769230769    5.039929997417248e-18    0.0
7.282051282051282    4.300686843917241e-18    0.0
7.294871794871795    3.669855378187376e-18    0.0
7.3076923076923075    3.131538410847098e-18    0.0
7.32051282051282    2.672170753054496e-18    0.0
7.333333333333333    2.280177659114694e-18    0.0
7.346153846153846    1.9456801445401087e-18    0.0
7.358974358974359    1.660245320913624e-18    0.0
7.371794871794872    1.4166769473490362e-18    0.0
7.384615384615385    1.208835839792478e-18    0.0
7.397435897435898    1.0314831292629606e-18    0.0
7.410256410256411    8.801467778671786e-19    0.0
7.423076923076923    7.510103257341379e-19    0.0
7.435897435897436    6.408176057669392e-19    0.0
7.448717948717949    5.467903348087231e-19    0.0
7.461538461538462    4.665570863603355e-19    0.0
7.4743589743589745    3.980928408434849e-19    0.0
7.487179487179487    3.3967334780969915e-19    0.0
7.5    2.898268058622474e-19    0.0
7.512820512820513    2.4729314627526503e-19    0.0
7.5256410256410255    2.1099887841963845e-19    0.0
7.538461538461538    1.8003110319999054e-19    0.0
7.551282051282051    1.5360869700397092e-19    0.0
7.564102564102564    1.3106389622181277e-19    0.0
7.576923076923077    1.1182769444086814e-19    0.0
7.589743589743589    9.541472554213041e-20    0.0
7.602564102564102    8.141059097583754e-20    0.0
7.615384615384615    6.946163248797043e-20    0.0
7.628205128205128    5.926620387936931e-20    0.0
7.641025641025641    5.056707932675634e-20    0.0
7.653846153846154    4.314483382083942e-20    0.0
7.666666666666667    3.681212859997561e-20    0.0
7.67948717948718    3.140895933610722e-20    0.0
7.6923076923076925    2.679878206632227e-20    0.0
7.705128205128205    2.286520486417283e-20    0.0
7.717948717948718    1.9509001839241512e-20    0.0
7.730769230769231    1.6645477635736085e-20    0.0
7.743589743589744    1.42022990135468e-20    0.0
7.756410256410256    1.2117741408746758e-20    0.0
7.769230769230769    1.0339169829414567e-20    0.0
7.782051282051282    8.821670768272197e-21    0.0
7.794871794871795    7.526896813735822e-21    0.0
7.8076923076923075    6.422148026623952e-21    0.0
7.82051282051282    5.479576014340838e-21    0.0
7.833333333333333    4.6754137955887654e-21    0.0
7.846153846153846    3.9893076083232554e-21    0.0
7.858974358974359    3.403863732403352e-21    0.0
7.871794871794872    2.9043178519975283e-21    0.0
7.884615384615385    2.478122306964393e-21    0.0
7.897435897435898    2.1144904887063335e-21    0.0
7.910256410256411    1.8041552118031455e-21    0.0
7.923076923076923    1.5393033665162411e-21    0.0
7.935897435897436    1.313329349128049e-21    0.0
7.948717948717949    1.1205041907161077e-21    0.0
7.961538461538462    9.559705868641805e-22    0.0
7.9743589743589745    8.155858326158376e-22    0.0
7.987179487179487    6.958128188476207e-22    0.0
8.0    5.939277712831323e-22    0.0
8.012820512820513    5.067107305804587e-22    0.0
8.025641025641026    4.324622491774046e-22    0.0
8.038461538461538    3.6899477610708356e-22    0.0
8.051282051282051    3.148409118916726e-22    0.0
8.064102564102564    2.6862487130795163e-22    0.0
8.076923076923077    2.2920401240227284e-22    0.0
8.08974358974359    1.9559894704207878e-22    0.0
8.102564102564102    1.6690088925167845e-22    0.0
8.115384615384615    1.423942298517024e-22    0.0
8.128205128205128    1.2149895460142786e-22    0.0
8.14102564102564    1.0367460192372962e-22    0.0
8.153846153846153    8.845260649967305e-23    0.0
8.166666666666666    7.546688018640411e-23    0.0
8.179487179487179    6.440544506392263e-23    0.0
8.192307692307692    5.497339269864828e-23    0.0
8.205128205128204    4.6915486378061854e-23    0.0
8.217948717948717    4.0036018484795315e-23    0.0
8.23076923076923    3.417455061914413e-23    0.0
8.243589743589743    2.917839544830901e-23    0.0
8.256410256410255    2.4910081002127452e-23    0.0
8.26923076923077    2.1264360392599382e-23    0.0
8.282051282051283    1.8159025401365106e-23    0.0
8.294871794871796    1.551428604314185e-23    0.0
8.307692307692308    1.3254329913059929e-23    0.0
8.320512820512821    1.1322991768932872e-23    0.0
8.333333333333334    9.680322901043435e-24    0.0
8.346153846153847    8.283723841001748e-24    0.0
8.35897435897436    7.088303532641197e-24    0.0
8.371794871794872    6.064817102265289e-24    0.0
8.384615384615385    5.1963536179501315e-24    0.0
8.397435897435898    4.45727608331158e-24    0.0
8.41025641025641    3.820344022279942e-24    0.0
8.423076923076923    3.2764472573779894e-24    0.0
8.435897435897436    2.8145355686806948e-24    0.0
8.448717948717949    2.414049297308792e-24    0.0
8.461538461538462    2.076053257441693e-24    0.0
8.474358974358974    1.7865028980534566e-24    0.0
8.487179487179487    1.539215068583054e-24    0.0
8.5    1.3211987151024207e-24    0.0
8.512820512820513    1.1296760111404881e-24    0.0
8.525641025641026    9.63259479327719e-25    0.0
8.538461538461538    8.224161797410792e-25    0.0
8.551282051282051    7.014885436725876e-25    0.0
8.564102564102564    5.972749800150488e-25    0.0
8.576923076923077    5.0896860877300045e-25    0.0
8.58974358974359    4.332403893612233e-25    0.0
8.602564102564102    3.681052000460365e-25    0.0
8.615384615384615    3.1285252525875497e-25    0.0
8.628205128205128    2.6599598575407084e-25    0.0
8.64102564102564    2.257915543965936e-25    0.0
8.653846153846153    1.91308668659145e-25    0.0
8.666666666666666    1.620412629500149e-25    0.0
8.679487179487179    1.3720537901681036e-25    0.0
8.692307692307692    1.1589757190349253e-25    0.0
8.705128205128204    9.754892319969138e-26    0.0
8.717948717948717    8.187531029551449e-26    0.0
8.73076923076923    6.854729309266978e-26    0.0
8.743589743589743    5.71472260393847e-26    0.0
8.756410256410255    4.7371583026988393e-26    0.0
8.76923076923077    3.906748767643155e-26    0.0
8.782051282051283    3.206168069199184e-26    0.0
8.794871794871796    2.61025240116962e-26    0.0
8.807692307692308    2.1002341042255464e-26    0.0
8.820512820512821    1.6701535082046962e-26    0.0
8.833333333333334    1.312528557004817e-26    0.0
8.846153846153847    1.0097550253554286e-26    0.0
8.85897435897436    7.489570859273919e-27    0.0
8.871794871794872    5.328150625514699e-27    0.0
8.884615384615385    3.6298946053890305e-27    0.0
8.897435897435898    2.2771917689551133e-27    0.0
8.91025641025641    1.212677034795968e-27    0.0
8.923076923076923    5.186248026782179e-28    0.0
8.935897435897436    1.477328312745072e-28    0.0
8.948717948717949    -4.186203015773829e-30    0.0
8.961538461538462    1.7168847594366152e-28    0.0
8.974358974358974    6.904722010387717e-28    0.0
8.987179487179487    1.433025973128487e-27    0.0
9.0    2.1890301762449143e-27    0.0
9.012820512820513    1.950873650125762e-27    0.0
9.025641025641026    1.7068790599622944e-27    0.0
9.038461538461538    1.3510559128545691e-27    0.0
9.051282051282051    1.128437786042111e-27    0.0
9.064102564102564    9.522454494089998e-28    0.0
9.076923076923077    7.786393344137535e-28    0.0
9.08974358974359    6.310083091335314e-28    0.0
9.102564102564102    5.19928461225587e-28    0.0
9.115384615384615    4.176951126980763e-28    0.0
9.128205128205128    3.1002873690201e-28    0.0
9.14102564102564    2.1850484125449444e-28    0.0
9.153846153846153    1.5835319398726082e-28    0.0
9.166666666666666    1.153079031146942e-28    0.0
9.179487179487179    7.408566383404905e-29    0.0
9.192307692307692    4.022647499335539e-29    0.0
9.205128205128204    2.2731242170693244e-29    0.0
9.217948717948717    1.4989574987905293e-29    0.0
9.23076923076923    5.7488829909411815e-30    0.0
9.243589743589743    -2.849864857001934e-30    0.0
9.256410256410255    -1.1502999187172062e-30    0.0
9.26923076923077    1.05838750912602e-29    0.0
9.282051282051283    2.360417180490541e-29    0.0
9.294871794871796    3.712476900112121e-29    0.0
9.307692307692308    5.981208253495093e-29    0.0
9.320512820512821    9.332176532173417e-29    0.0
9.333333333333334    1.2847080366844228e-28    0.0
9.346153846153847    1.6286271042444255e-28    0.0
9.35897435897436    2.05892025628755e-28    0.0
9.371794871794872    2.5679191607317907e-28    0.0
9.384615384615385    2.99664409720793e-28    0.0
9.397435897435898    3.3515544310877022e-28    0.0
9.41025641025641    3.808219624468024e-28    0.0
9.423076923076923    4.219582056812571e-28    0.0
9.435897435897436    4.393776033578092e-28    0.0
9.448717948717949    4.782449451767554e-28    0.0
9.461538461538462    4.96866977591196e-28    0.0
9.474358974358974    3.7673839741675156e-28    0.0
9.487179487179487    3.0133192093506055e-28    0.0
9.5    2.157868700169544e-28    0.0
9.776315789473685    7.190982410686476e-30    0.0
10.052631578947368    7.745175476425758e-32    0.0
10.328947368421053    1.319512439305273e-31    0.0
10.605263157894736    3.7267637988735575e-32    0.0
10.881578947368421    -1.8889026271301643e-31    0.0
11.157894736842106    2.0806187502334837e-31    0.0
11.43421052631579    -4.9041496697832416e-32    0.0
11.710526315789474    -1.3367058081676026e-31    0.0
11.986842105263158    1.2162345595123259e-31    0.0
12.263157894736842    5.536865706662507e-32    0.0
12.539473684210527    -1.2287397944690022e-31    0.0
12.81578947368421    -1.5214191900855686e-32    0.0
13.092105263157896    1.090303435201433e-31    0.0
13.368421052631579    -1.8096074177902514e-34    0.0
13.644736842105264    -9.562573974993424e-32    0.0
13.921052631578949    3.3247184134993076e-33    0.0
14.197368421052632    8.483823571564453e-32    0.0
14.473684210526315    -1.4534749574469942e-33    0.0
14.75    -7.597630927569125e-32    0.0
15.026315789473685    -1.30530203450946e-33    0.0
15.30263157894737    6.837999433952298e-32    0.0
15.578947368421053    2.402033089278048e-33    0.0
15.855263157894736    -6.18075368542671e-32    0.0
16.13157894736842    -1.0436448075926827e-34    0.0
16.407894736842106    5.589863942167682e-32    0.0
16.68421052631579    -6.902898036408388e-33    0.0
16.960526315789473    -4.905086594257894e-32    0.0
17.236842105263158    1.9304662413812948e-32    0.0
17.513157894736842    3.669228309219391e-32    0.0
17.789473684210527    -3.4478751403963566e-32    0.0
18.065789473684212    -1.0647388161893148e-32    0.0
18.342105263157897    3.7232666385819933e-32    0.0
18.618421052631582    -2.705967753359022e-32    0.0
18.894736842105264    4.0670347463403795e-33    0.0
19.17105263157895    9.733558849341637e-33    0.0
19.44736842105263    -8.624464268951715e-33    0.0
19.723684210526315    -1.1612169259173902e-32    0.0
20.0    0.0    0.0
&  
 
